{
 "cells": [
  {
   "cell_type": "code",
   "execution_count": 51,
   "id": "d2287393-9849-4bbc-a58e-2f801ae45127",
   "metadata": {},
   "outputs": [],
   "source": [
    "#Final da solução do dia 2 \n",
    "\n",
    "import pandas as pd\n",
    "import numpy as np\n",
    "\n",
    "csv_dir = \"C:/Users/barro/7DaysOfCode-AnaliseDeDados/DataFrameDesafio_3.csv\"\n",
    "\n",
    "df = pd.read_csv(csv_dir)\n",
    "#df.head()\n",
    "#df.info()\n",
    "\n",
    "condition = [(df[\"localizacao\"] >= 000) & (df[\"localizacao\"]<100),(df[\"localizacao\"] >= 100) & (df[\"localizacao\"]<200),(df[\"localizacao\"] >= 200) & (df[\"localizacao\"]<300),(df[\"localizacao\"] >= 300) & (df[\"localizacao\"]<400),(df[\"localizacao\"] >= 400) & (df[\"localizacao\"]<500),(df[\"localizacao\"] >= 500) & (df[\"localizacao\"]<600),(df[\"localizacao\"] >= 600) & (df[\"localizacao\"]<700),(df[\"localizacao\"] >= 700) & (df[\"localizacao\"]<800),(df[\"localizacao\"] >= 800) & (df[\"localizacao\"]<900),(df[\"localizacao\"] >= 900) & (df[\"localizacao\"]<1000)] \n",
    "\n",
    "\n",
    "valores = [\"Generalidades. Ciência e Conhecimento.\", \"Filosofia e Psicologia.\", \"Religião\", \"Ciência Sociais.\", \"Classe Vaga.\", \"Matemática e Ciências naturais\", \"Ciências Aplicadas\", \"Belas Artes\", \"Linguagem. Língua. Linguistica\", \"Geografia. Biografia. História.\"]\n",
    "df[\"CDU\"] = np.select(condition, valores)\n",
    "\n",
    "#df.head()\n",
    "#print(df.iloc[515200:517800])\n",
    "df.to_csv(\"C:/Users/barro/7DaysOfCode-AnaliseDeDados/DataFrameDesafio_4.csv\", index=None) "
   ]
  },
  {
   "cell_type": "code",
   "execution_count": 19,
   "id": "d803e6c2-81ea-4a5f-be24-dbc7d9b9377b",
   "metadata": {},
   "outputs": [
    {
     "name": "stdout",
     "output_type": "stream",
     "text": [
      "<class 'pandas.core.frame.DataFrame'>\n",
      "RangeIndex: 2235117 entries, 0 to 2235116\n",
      "Data columns (total 14 columns):\n",
      " #   Column                Dtype  \n",
      "---  ------                -----  \n",
      " 0   id_emprestimo         int64  \n",
      " 1   codigo_barras         object \n",
      " 2   data_renovacao        object \n",
      " 3   data_emprestimo       object \n",
      " 4   data_devolucao        object \n",
      " 5   matricula_ou_siape    float64\n",
      " 6   tipo_vinculo_usuario  object \n",
      " 7   id_exemplar           float64\n",
      " 8   colecao               object \n",
      " 9   biblioteca            object \n",
      " 10  status_material       object \n",
      " 11  localizacao           float64\n",
      " 12  registro_sistema      float64\n",
      " 13  CDU                   object \n",
      "dtypes: float64(4), int64(1), object(9)\n",
      "memory usage: 238.7+ MB\n",
      "None\n",
      "275036\n"
     ]
    }
   ],
   "source": [
    "#Inicio solução do dia 3\n",
    "#importações\n",
    "import matplotlib as mp\n",
    "import pandas as pd\n",
    "import numpy as np\n",
    "\n",
    "#variáveis\n",
    "csv_dir = \"C:/Users/barro/7DaysOfCode-AnaliseDeDados/DataFrameDesafio_4.csv\"\n",
    "\n",
    "#função de conversão para datetime\n",
    "def mult_to_datetime(list_column, dataframe):\n",
    "    for i in list_column:\n",
    "        dataframe[i] = pd.to_datetime(dataframe[i])\n",
    "\n",
    "#importação do data frame\n",
    "df = pd.read_csv(csv_dir)\n",
    "\n",
    "print(df.info())\n",
    "#conversão das colunas de datas para tipo de dados datetime\n",
    "df[\"data_emprestimo\"] = pd.to_datetime(df[\"data_emprestimo\"])\n",
    "df[\"data_renovacao\"] = pd.to_datetime(df[\"data_renovacao\"])\n",
    "df[\"data_devolucao\"] = pd.to_datetime(df[\"data_devolucao\"])\n",
    "\n",
    "#salva modificações para novo arquivo -> Salvar o dataframe para um novo arquivo gera um problema de conversão quando importado novamente\n",
    "#df.to_csv(\"C:/Users/barro/7DaysOfCode-AnaliseDeDados/DataFrameDesafio_5.csv\", index = None)\n",
    "\n",
    "\n",
    "#tirar duplicatas de exemplares, para que sejam medidos apenas os exemplares\n",
    "#df = df.drop_duplicates(subset=['id_exemplar'])\n",
    "\n",
    "print(len(df['codigo_barras'].unique()))\n",
    "\n",
    "df['ano','mes','dia"
   ]
  },
  {
   "cell_type": "code",
   "execution_count": 71,
   "id": "b0405d4d-7d4e-4c1b-bc1a-d4b6c5d6b2c5",
   "metadata": {},
   "outputs": [
    {
     "name": "stdout",
     "output_type": "stream",
     "text": [
      "2019-12-30 18:05:30.313000\n",
      "2010-01-04 08:27:33.569000\n",
      "                 id_emprestimo  codigo_barras  data_renovacao  data_devolucao  \\\n",
      "data_emprestimo                                                                 \n",
      "2010-01-31                5401           5401            2917            5401   \n",
      "2010-02-28               12097          12097            6290           12096   \n",
      "2010-03-31               23417          23417            9760           23417   \n",
      "2010-04-30               19509          19509            8092           19509   \n",
      "2010-05-31               19315          19315            6702           19314   \n",
      "...                        ...            ...             ...             ...   \n",
      "2019-08-31               20771          20771            9239           20761   \n",
      "2019-09-30               17420          17420            7287           17412   \n",
      "2019-10-31               15583          15583            6362           15579   \n",
      "2019-11-30               12283          12283            3523           12274   \n",
      "2019-12-31                3630           3630            1827            3625   \n",
      "\n",
      "                 matricula_ou_siape  tipo_vinculo_usuario  id_exemplar  \\\n",
      "data_emprestimo                                                          \n",
      "2010-01-31                     5389                  5401         4696   \n",
      "2010-02-28                    12063                 12097        10266   \n",
      "2010-03-31                    23375                 23417        19631   \n",
      "2010-04-30                    19477                 19509        16352   \n",
      "2010-05-31                    19259                 19315        15889   \n",
      "...                             ...                   ...          ...   \n",
      "2019-08-31                    20752                 20771        19766   \n",
      "2019-09-30                    17410                 17420        16659   \n",
      "2019-10-31                    15569                 15583        14861   \n",
      "2019-11-30                    12274                 12283        11649   \n",
      "2019-12-31                     3630                  3630         3510   \n",
      "\n",
      "                 colecao  biblioteca  status_material  localizacao  \\\n",
      "data_emprestimo                                                      \n",
      "2010-01-31          4696        4696             4696         4696   \n",
      "2010-02-28         10266       10266            10266        10266   \n",
      "2010-03-31         19631       19631            19631        19631   \n",
      "2010-04-30         16352       16352            16352        16352   \n",
      "2010-05-31         15889       15889            15889        15889   \n",
      "...                  ...         ...              ...          ...   \n",
      "2019-08-31         19766       19766            19766        19766   \n",
      "2019-09-30         16659       16659            16659        16659   \n",
      "2019-10-31         14861       14861            14861        14861   \n",
      "2019-11-30         11649       11649            11649        11649   \n",
      "2019-12-31          3510        3510             3510         3510   \n",
      "\n",
      "                 registro_sistema    CDU  \n",
      "data_emprestimo                           \n",
      "2010-01-31                   4696   5401  \n",
      "2010-02-28                  10266  12097  \n",
      "2010-03-31                  19631  23417  \n",
      "2010-04-30                  16352  19509  \n",
      "2010-05-31                  15889  19315  \n",
      "...                           ...    ...  \n",
      "2019-08-31                  19766  20771  \n",
      "2019-09-30                  16659  17420  \n",
      "2019-10-31                  14861  15583  \n",
      "2019-11-30                  11649  12283  \n",
      "2019-12-31                   3510   3630  \n",
      "\n",
      "[120 rows x 13 columns]\n",
      "                 id_emprestimo  codigo_barras  data_renovacao  \\\n",
      "data_emprestimo                                                 \n",
      "1                        68443          68443           36515   \n",
      "2                       215862         215862          112905   \n",
      "3                       263959         263959          115067   \n",
      "4                       230339         230339           99160   \n",
      "5                       223225         223225           87798   \n",
      "6                       151930         151930           48115   \n",
      "7                       130812         130812           67594   \n",
      "8                       253099         253099          118878   \n",
      "9                       227147         227147           99673   \n",
      "10                      206765         206765           87839   \n",
      "11                      180909         180909           60451   \n",
      "12                       82627          82627           28813   \n",
      "\n",
      "                 data_emprestimo  data_devolucao  matricula_ou_siape  \\\n",
      "data_emprestimo                                                        \n",
      "1                          68443           68435               68274   \n",
      "2                         215862          215836              215512   \n",
      "3                         263959          263908              263602   \n",
      "4                         230339          230306              230057   \n",
      "5                         223225          223183              222923   \n",
      "6                         151930          151913              151678   \n",
      "7                         130812          130781              130590   \n",
      "8                         253099          253059              252833   \n",
      "9                         227147          227088              226860   \n",
      "10                        206765          206724              206507   \n",
      "11                        180909          180868              180635   \n",
      "12                         82627           82605               82497   \n",
      "\n",
      "                 tipo_vinculo_usuario  id_exemplar  colecao  biblioteca  \\\n",
      "data_emprestimo                                                           \n",
      "1                               68443        63912    63912       63912   \n",
      "2                              215862       199533   199533      199533   \n",
      "3                              263959       240837   240837      240837   \n",
      "4                              230339       208725   208725      208725   \n",
      "5                              223225       202522   202522      202522   \n",
      "6                              151930       138113   138113      138113   \n",
      "7                              130812       123790   123790      123790   \n",
      "8                              253099       232793   232793      232793   \n",
      "9                              227147       208234   208234      208234   \n",
      "10                             206765       188410   188410      188410   \n",
      "11                             180909       164222   164222      164222   \n",
      "12                              82627        75796    75796       75796   \n",
      "\n",
      "                 status_material  localizacao  registro_sistema     CDU  \n",
      "data_emprestimo                                                          \n",
      "1                          63912        63912             63912   68443  \n",
      "2                         199533       199533            199533  215862  \n",
      "3                         240837       240837            240837  263959  \n",
      "4                         208725       208725            208725  230339  \n",
      "5                         202522       202522            202522  223225  \n",
      "6                         138113       138113            138113  151930  \n",
      "7                         123790       123790            123790  130812  \n",
      "8                         232793       232793            232793  253099  \n",
      "9                         208234       208234            208234  227147  \n",
      "10                        188410       188410            188410  206765  \n",
      "11                        164222       164222            164222  180909  \n",
      "12                         75796        75796             75796   82627  \n",
      "                 id_emprestimo  codigo_barras  data_renovacao  \\\n",
      "data_emprestimo                                                 \n",
      "2010                    196140         196140           81398   \n",
      "2011                    229548         229548          105533   \n",
      "2012                    250260         250260          114120   \n",
      "2013                    259598         259598          113623   \n",
      "2014                    235725         235725           99774   \n",
      "2015                    225317         225317           89560   \n",
      "2016                    226361         226361           98637   \n",
      "2017                    229527         229527           97843   \n",
      "2018                    202613         202613           85012   \n",
      "2019                    180028         180028           77308   \n",
      "\n",
      "                 data_emprestimo  data_devolucao  matricula_ou_siape  \\\n",
      "data_emprestimo                                                        \n",
      "2010                      196140          196127              195738   \n",
      "2011                      229548          229536              229303   \n",
      "2012                      250260          250251              250035   \n",
      "2013                      259598          259572              259345   \n",
      "2014                      235725          235689              235222   \n",
      "2015                      225317          225274              224912   \n",
      "2016                      226361          226313              226026   \n",
      "2017                      229527          229446              229175   \n",
      "2018                      202613          202549              202321   \n",
      "2019                      180028          179949              179891   \n",
      "\n",
      "                 tipo_vinculo_usuario  id_exemplar  colecao  biblioteca  \\\n",
      "data_emprestimo                                                           \n",
      "2010                           196140       161387   161387      161387   \n",
      "2011                           229548       196390   196390      196390   \n",
      "2012                           250260       221365   221365      221365   \n",
      "2013                           259598       234749   234749      234749   \n",
      "2014                           235725       219189   219189      219189   \n",
      "2015                           225317       213582   213582      213582   \n",
      "2016                           226361       215882   215882      215882   \n",
      "2017                           229527       218462   218462      218462   \n",
      "2018                           202613       194080   194080      194080   \n",
      "2019                           180028       171801   171801      171801   \n",
      "\n",
      "                 status_material  localizacao  registro_sistema     CDU  \n",
      "data_emprestimo                                                          \n",
      "2010                      161387       161387            161387  196140  \n",
      "2011                      196390       196390            196390  229548  \n",
      "2012                      221365       221365            221365  250260  \n",
      "2013                      234749       234749            234749  259598  \n",
      "2014                      219189       219189            219189  235725  \n",
      "2015                      213582       213582            213582  225317  \n",
      "2016                      215882       215882            215882  226361  \n",
      "2017                      218462       218462            218462  229527  \n",
      "2018                      194080       194080            194080  202613  \n",
      "2019                      171801       171801            171801  180028  \n",
      "                 id_emprestimo  codigo_barras  data_renovacao  \\\n",
      "data_emprestimo                                                 \n",
      "1                        68443          68443           36515   \n",
      "2                       215862         215862          112905   \n",
      "3                       263959         263959          115067   \n",
      "4                       230339         230339           99160   \n",
      "5                       223225         223225           87798   \n",
      "6                       151930         151930           48115   \n",
      "7                       130812         130812           67594   \n",
      "8                       253099         253099          118878   \n",
      "9                       227147         227147           99673   \n",
      "10                      206765         206765           87839   \n",
      "11                      180909         180909           60451   \n",
      "12                       82627          82627           28813   \n",
      "\n",
      "                 data_emprestimo  data_devolucao  matricula_ou_siape  \\\n",
      "data_emprestimo                                                        \n",
      "1                          68443           68435               68274   \n",
      "2                         215862          215836              215512   \n",
      "3                         263959          263908              263602   \n",
      "4                         230339          230306              230057   \n",
      "5                         223225          223183              222923   \n",
      "6                         151930          151913              151678   \n",
      "7                         130812          130781              130590   \n",
      "8                         253099          253059              252833   \n",
      "9                         227147          227088              226860   \n",
      "10                        206765          206724              206507   \n",
      "11                        180909          180868              180635   \n",
      "12                         82627           82605               82497   \n",
      "\n",
      "                 tipo_vinculo_usuario  id_exemplar  colecao  biblioteca  \\\n",
      "data_emprestimo                                                           \n",
      "1                               68443        63912    63912       63912   \n",
      "2                              215862       199533   199533      199533   \n",
      "3                              263959       240837   240837      240837   \n",
      "4                              230339       208725   208725      208725   \n",
      "5                              223225       202522   202522      202522   \n",
      "6                              151930       138113   138113      138113   \n",
      "7                              130812       123790   123790      123790   \n",
      "8                              253099       232793   232793      232793   \n",
      "9                              227147       208234   208234      208234   \n",
      "10                             206765       188410   188410      188410   \n",
      "11                             180909       164222   164222      164222   \n",
      "12                              82627        75796    75796       75796   \n",
      "\n",
      "                 status_material  localizacao  registro_sistema     CDU  \n",
      "data_emprestimo                                                          \n",
      "1                          63912        63912             63912   68443  \n",
      "2                         199533       199533            199533  215862  \n",
      "3                         240837       240837            240837  263959  \n",
      "4                         208725       208725            208725  230339  \n",
      "5                         202522       202522            202522  223225  \n",
      "6                         138113       138113            138113  151930  \n",
      "7                         123790       123790            123790  130812  \n",
      "8                         232793       232793            232793  253099  \n",
      "9                         208234       208234            208234  227147  \n",
      "10                        188410       188410            188410  206765  \n",
      "11                        164222       164222            164222  180909  \n",
      "12                         75796        75796             75796   82627  \n",
      "                 id_emprestimo  codigo_barras  data_renovacao  \\\n",
      "data_emprestimo                                                 \n",
      "1                        61053          61053           25973   \n",
      "2                        66501          66501           28915   \n",
      "3                        64293          64293           27413   \n",
      "4                        74797          74797           31878   \n",
      "5                        75982          75982           32768   \n",
      "6                        79120          79120           33712   \n",
      "7                        68700          68700           28610   \n",
      "8                        76002          76002           33186   \n",
      "9                        75603          75603           33080   \n",
      "10                       76071          76071           33431   \n",
      "11                       73393          73393           31471   \n",
      "12                       69827          69827           29266   \n",
      "13                       79696          79696           35526   \n",
      "14                       79604          79604           34339   \n",
      "15                       68503          68503           30052   \n",
      "16                       75114          75114           32183   \n",
      "17                       71474          71474           30418   \n",
      "18                       68340          68340           28991   \n",
      "19                       75385          75385           32037   \n",
      "20                       78268          78268           32636   \n",
      "21                       65686          65686           28936   \n",
      "22                       79503          79503           34124   \n",
      "23                       78485          78485           34214   \n",
      "24                       74243          74243           32023   \n",
      "25                       76500          76500           33386   \n",
      "26                       78301          78301           34361   \n",
      "27                       81063          81063           35390   \n",
      "28                       66316          66316           28163   \n",
      "29                       68222          68222           29441   \n",
      "30                       67802          67802           28853   \n",
      "31                       41270          41270           18032   \n",
      "\n",
      "                 data_emprestimo  data_devolucao  matricula_ou_siape  \\\n",
      "data_emprestimo                                                        \n",
      "1                          61053           61042               60983   \n",
      "2                          66501           66494               66400   \n",
      "3                          64293           64281               64165   \n",
      "4                          74797           74778               74699   \n",
      "5                          75982           75969               75847   \n",
      "6                          79120           79106               79006   \n",
      "7                          68700           68692               68631   \n",
      "8                          76002           75991               75896   \n",
      "9                          75603           75593               75479   \n",
      "10                         76071           76063               75944   \n",
      "11                         73393           73375               73291   \n",
      "12                         69827           69810               69735   \n",
      "13                         79696           79692               79589   \n",
      "14                         79604           79586               79521   \n",
      "15                         68503           68492               68431   \n",
      "16                         75114           75102               75036   \n",
      "17                         71474           71460               71348   \n",
      "18                         68340           68329               68261   \n",
      "19                         75385           75370               75272   \n",
      "20                         78268           78254               78177   \n",
      "21                         65686           65674               65593   \n",
      "22                         79503           79485               79394   \n",
      "23                         78485           78463               78371   \n",
      "24                         74243           74228               74153   \n",
      "25                         76500           76483               76396   \n",
      "26                         78301           78287               78163   \n",
      "27                         81063           81053               80964   \n",
      "28                         66316           66306               66201   \n",
      "29                         68222           68209               68108   \n",
      "30                         67802           67778               67702   \n",
      "31                         41270           41261               41212   \n",
      "\n",
      "                 tipo_vinculo_usuario  id_exemplar  colecao  biblioteca  \\\n",
      "data_emprestimo                                                           \n",
      "1                               61053        55482    55482       55482   \n",
      "2                               66501        61144    61144       61144   \n",
      "3                               64293        58985    58985       58985   \n",
      "4                               74797        68512    68512       68512   \n",
      "5                               75982        69824    69824       69824   \n",
      "6                               79120        72637    72637       72637   \n",
      "7                               68700        62779    62779       62779   \n",
      "8                               76002        69329    69329       69329   \n",
      "9                               75603        69266    69266       69266   \n",
      "10                              76071        69390    69390       69390   \n",
      "11                              73393        66876    66876       66876   \n",
      "12                              69827        64013    64013       64013   \n",
      "13                              79696        73087    73087       73087   \n",
      "14                              79604        72905    72905       72905   \n",
      "15                              68503        62587    62587       62587   \n",
      "16                              75114        68544    68544       68544   \n",
      "17                              71474        65357    65357       65357   \n",
      "18                              68340        62459    62459       62459   \n",
      "19                              75385        69251    69251       69251   \n",
      "20                              78268        71857    71857       71857   \n",
      "21                              65686        60280    60280       60280   \n",
      "22                              79503        72756    72756       72756   \n",
      "23                              78485        71988    71988       71988   \n",
      "24                              74243        68128    68128       68128   \n",
      "25                              76500        69678    69678       69678   \n",
      "26                              78301        71905    71905       71905   \n",
      "27                              81063        74639    74639       74639   \n",
      "28                              66316        60738    60738       60738   \n",
      "29                              68222        62462    62462       62462   \n",
      "30                              67802        62206    62206       62206   \n",
      "31                              41270        37823    37823       37823   \n",
      "\n",
      "                 status_material  localizacao  registro_sistema    CDU  \n",
      "data_emprestimo                                                         \n",
      "1                          55482        55482             55482  61053  \n",
      "2                          61144        61144             61144  66501  \n",
      "3                          58985        58985             58985  64293  \n",
      "4                          68512        68512             68512  74797  \n",
      "5                          69824        69824             69824  75982  \n",
      "6                          72637        72637             72637  79120  \n",
      "7                          62779        62779             62779  68700  \n",
      "8                          69329        69329             69329  76002  \n",
      "9                          69266        69266             69266  75603  \n",
      "10                         69390        69390             69390  76071  \n",
      "11                         66876        66876             66876  73393  \n",
      "12                         64013        64013             64013  69827  \n",
      "13                         73087        73087             73087  79696  \n",
      "14                         72905        72905             72905  79604  \n",
      "15                         62587        62587             62587  68503  \n",
      "16                         68544        68544             68544  75114  \n",
      "17                         65357        65357             65357  71474  \n",
      "18                         62459        62459             62459  68340  \n",
      "19                         69251        69251             69251  75385  \n",
      "20                         71857        71857             71857  78268  \n",
      "21                         60280        60280             60280  65686  \n",
      "22                         72756        72756             72756  79503  \n",
      "23                         71988        71988             71988  78485  \n",
      "24                         68128        68128             68128  74243  \n",
      "25                         69678        69678             69678  76500  \n",
      "26                         71905        71905             71905  78301  \n",
      "27                         74639        74639             74639  81063  \n",
      "28                         60738        60738             60738  66316  \n",
      "29                         62462        62462             62462  68222  \n",
      "30                         62206        62206             62206  67802  \n",
      "31                         37823        37823             37823  41270  \n"
     ]
    }
   ],
   "source": [
    "#print(df.dtypes)\n",
    "#print(df.info())\n",
    "#print(df.head)\n",
    "print(df['data_emprestimo'].max())\n",
    "print(df['data_emprestimo'].min())\n",
    "print(df.resample('ME', on = 'data_emprestimo').count())\n",
    "#print(df.groupby(pd.Grouper(key='data_emprestimo',freq='ME')).count())\n",
    "#print(df.resample('ME')['data_emprestimo'].sum())\n",
    "\n",
    "\n",
    "#res = df.groupby(df['data_emprestimo'].dt.month).count()\n",
    "print(res)\n",
    "print(df.groupby(df['data_emprestimo'].dt.year).count())\n",
    "print(df.groupby(df['data_emprestimo'].dt.month).count())\n",
    "print(df.groupby(df['data_emprestimo'].dt.day).count())\n"
   ]
  },
  {
   "cell_type": "code",
   "execution_count": 1,
   "id": "38c10b9d-0116-488d-b4b4-2a81fe7d42f0",
   "metadata": {},
   "outputs": [
    {
     "ename": "ValueError",
     "evalue": "time data \"2010-07-09 16:00:22\" doesn't match format \"%Y-%m-%d %H:%M:%S.%f\", at position 78562. You might want to try:\n    - passing `format` if your strings have a consistent format;\n    - passing `format='ISO8601'` if your strings are all ISO8601 but not necessarily in exactly the same format;\n    - passing `format='mixed'`, and the format will be inferred for each element individually. You might want to use `dayfirst` alongside this.",
     "output_type": "error",
     "traceback": [
      "\u001b[1;31m---------------------------------------------------------------------------\u001b[0m",
      "\u001b[1;31mValueError\u001b[0m                                Traceback (most recent call last)",
      "Cell \u001b[1;32mIn[1], line 25\u001b[0m\n\u001b[0;32m     23\u001b[0m df5[\u001b[38;5;124m\"\u001b[39m\u001b[38;5;124mdata_emprestimo\u001b[39m\u001b[38;5;124m\"\u001b[39m] \u001b[38;5;241m=\u001b[39m pd\u001b[38;5;241m.\u001b[39mto_datetime(df5[\u001b[38;5;124m\"\u001b[39m\u001b[38;5;124mdata_emprestimo\u001b[39m\u001b[38;5;124m\"\u001b[39m])\n\u001b[0;32m     24\u001b[0m df5[\u001b[38;5;124m\"\u001b[39m\u001b[38;5;124mdata_renovacao\u001b[39m\u001b[38;5;124m\"\u001b[39m] \u001b[38;5;241m=\u001b[39m pd\u001b[38;5;241m.\u001b[39mto_datetime(df5[\u001b[38;5;124m\"\u001b[39m\u001b[38;5;124mdata_renovacao\u001b[39m\u001b[38;5;124m\"\u001b[39m])\n\u001b[1;32m---> 25\u001b[0m df5[\u001b[38;5;124m\"\u001b[39m\u001b[38;5;124mdata_devolucao\u001b[39m\u001b[38;5;124m\"\u001b[39m] \u001b[38;5;241m=\u001b[39m pd\u001b[38;5;241m.\u001b[39mto_datetime(df5[\u001b[38;5;124m\"\u001b[39m\u001b[38;5;124mdata_devolucao\u001b[39m\u001b[38;5;124m\"\u001b[39m])\n",
      "File \u001b[1;32mD:\\anaconda\\Lib\\site-packages\\pandas\\core\\tools\\datetimes.py:1067\u001b[0m, in \u001b[0;36mto_datetime\u001b[1;34m(arg, errors, dayfirst, yearfirst, utc, format, exact, unit, infer_datetime_format, origin, cache)\u001b[0m\n\u001b[0;32m   1065\u001b[0m         result \u001b[38;5;241m=\u001b[39m arg\u001b[38;5;241m.\u001b[39mmap(cache_array)\n\u001b[0;32m   1066\u001b[0m     \u001b[38;5;28;01melse\u001b[39;00m:\n\u001b[1;32m-> 1067\u001b[0m         values \u001b[38;5;241m=\u001b[39m convert_listlike(arg\u001b[38;5;241m.\u001b[39m_values, \u001b[38;5;28mformat\u001b[39m)\n\u001b[0;32m   1068\u001b[0m         result \u001b[38;5;241m=\u001b[39m arg\u001b[38;5;241m.\u001b[39m_constructor(values, index\u001b[38;5;241m=\u001b[39marg\u001b[38;5;241m.\u001b[39mindex, name\u001b[38;5;241m=\u001b[39marg\u001b[38;5;241m.\u001b[39mname)\n\u001b[0;32m   1069\u001b[0m \u001b[38;5;28;01melif\u001b[39;00m \u001b[38;5;28misinstance\u001b[39m(arg, (ABCDataFrame, abc\u001b[38;5;241m.\u001b[39mMutableMapping)):\n",
      "File \u001b[1;32mD:\\anaconda\\Lib\\site-packages\\pandas\\core\\tools\\datetimes.py:433\u001b[0m, in \u001b[0;36m_convert_listlike_datetimes\u001b[1;34m(arg, format, name, utc, unit, errors, dayfirst, yearfirst, exact)\u001b[0m\n\u001b[0;32m    431\u001b[0m \u001b[38;5;66;03m# `format` could be inferred, or user didn't ask for mixed-format parsing.\u001b[39;00m\n\u001b[0;32m    432\u001b[0m \u001b[38;5;28;01mif\u001b[39;00m \u001b[38;5;28mformat\u001b[39m \u001b[38;5;129;01mis\u001b[39;00m \u001b[38;5;129;01mnot\u001b[39;00m \u001b[38;5;28;01mNone\u001b[39;00m \u001b[38;5;129;01mand\u001b[39;00m \u001b[38;5;28mformat\u001b[39m \u001b[38;5;241m!=\u001b[39m \u001b[38;5;124m\"\u001b[39m\u001b[38;5;124mmixed\u001b[39m\u001b[38;5;124m\"\u001b[39m:\n\u001b[1;32m--> 433\u001b[0m     \u001b[38;5;28;01mreturn\u001b[39;00m _array_strptime_with_fallback(arg, name, utc, \u001b[38;5;28mformat\u001b[39m, exact, errors)\n\u001b[0;32m    435\u001b[0m result, tz_parsed \u001b[38;5;241m=\u001b[39m objects_to_datetime64(\n\u001b[0;32m    436\u001b[0m     arg,\n\u001b[0;32m    437\u001b[0m     dayfirst\u001b[38;5;241m=\u001b[39mdayfirst,\n\u001b[1;32m   (...)\u001b[0m\n\u001b[0;32m    441\u001b[0m     allow_object\u001b[38;5;241m=\u001b[39m\u001b[38;5;28;01mTrue\u001b[39;00m,\n\u001b[0;32m    442\u001b[0m )\n\u001b[0;32m    444\u001b[0m \u001b[38;5;28;01mif\u001b[39;00m tz_parsed \u001b[38;5;129;01mis\u001b[39;00m \u001b[38;5;129;01mnot\u001b[39;00m \u001b[38;5;28;01mNone\u001b[39;00m:\n\u001b[0;32m    445\u001b[0m     \u001b[38;5;66;03m# We can take a shortcut since the datetime64 numpy array\u001b[39;00m\n\u001b[0;32m    446\u001b[0m     \u001b[38;5;66;03m# is in UTC\u001b[39;00m\n",
      "File \u001b[1;32mD:\\anaconda\\Lib\\site-packages\\pandas\\core\\tools\\datetimes.py:467\u001b[0m, in \u001b[0;36m_array_strptime_with_fallback\u001b[1;34m(arg, name, utc, fmt, exact, errors)\u001b[0m\n\u001b[0;32m    456\u001b[0m \u001b[38;5;28;01mdef\u001b[39;00m \u001b[38;5;21m_array_strptime_with_fallback\u001b[39m(\n\u001b[0;32m    457\u001b[0m     arg,\n\u001b[0;32m    458\u001b[0m     name,\n\u001b[1;32m   (...)\u001b[0m\n\u001b[0;32m    462\u001b[0m     errors: \u001b[38;5;28mstr\u001b[39m,\n\u001b[0;32m    463\u001b[0m ) \u001b[38;5;241m-\u001b[39m\u001b[38;5;241m>\u001b[39m Index:\n\u001b[0;32m    464\u001b[0m \u001b[38;5;250m    \u001b[39m\u001b[38;5;124;03m\"\"\"\u001b[39;00m\n\u001b[0;32m    465\u001b[0m \u001b[38;5;124;03m    Call array_strptime, with fallback behavior depending on 'errors'.\u001b[39;00m\n\u001b[0;32m    466\u001b[0m \u001b[38;5;124;03m    \"\"\"\u001b[39;00m\n\u001b[1;32m--> 467\u001b[0m     result, tz_out \u001b[38;5;241m=\u001b[39m array_strptime(arg, fmt, exact\u001b[38;5;241m=\u001b[39mexact, errors\u001b[38;5;241m=\u001b[39merrors, utc\u001b[38;5;241m=\u001b[39mutc)\n\u001b[0;32m    468\u001b[0m     \u001b[38;5;28;01mif\u001b[39;00m tz_out \u001b[38;5;129;01mis\u001b[39;00m \u001b[38;5;129;01mnot\u001b[39;00m \u001b[38;5;28;01mNone\u001b[39;00m:\n\u001b[0;32m    469\u001b[0m         unit \u001b[38;5;241m=\u001b[39m np\u001b[38;5;241m.\u001b[39mdatetime_data(result\u001b[38;5;241m.\u001b[39mdtype)[\u001b[38;5;241m0\u001b[39m]\n",
      "File \u001b[1;32mstrptime.pyx:501\u001b[0m, in \u001b[0;36mpandas._libs.tslibs.strptime.array_strptime\u001b[1;34m()\u001b[0m\n",
